"_id","date","activeCapital","activeCountryside","activeSum","recoveredCapital","recoveredCountryside","recoveredSum","deceasedCapital","deceasedCountryside","deceasedSum","inQuarantine","testedforCOVID19","vaccinated"
"607b4968aae27b112cd82ebe","04/17/2021, 05:01 PM",43768,227264,271032,87807,362984,450791,4698,20281,24979,51049,5096421,
"607c1a2bf3bdb00656957798","04/18/2021, 09:03 AM",43309,226986,270295,88742,366287,455029,4722,20462,25184,47751,5124731,
"607d6d84628973064d6b8375","04/19/2021, 08:54 AM",42817,226778,269595,89488,368724,458212,4763,20618,25381,45132,5144130,
"607e94ddff9958069f760e9e","04/20/2021, 08:50 AM",42129,225943,268072,90331,370850,461181,4801,20779,25580,43841,5157082,
"607fe672d8fc37064218bc07","04/21/2021, 08:43 AM",41450,225373,266823,91304,373446,464750,4831,20956,25787,42068,5179517,3363596
"608130037dd9fd06f785bab1","04/22/2021, 08:40 AM",40840,224534,265374,92308,377284,469592,4866,21135,26001,41857,5205923,3419450
"6083cde2a35e7e0946d32505","04/24/2021, 09:10 AM",39734,222713,262447,94185,384138,478323,4909,21511,26420,40947,5257377,3576705
"60852cb6f701fd08af899c96","04/25/2021, 09:26 AM",39370,221316,260686,94868,387339,482207,4933,21692,26625,37497,5280600,3596129
"60867eace11e7a065fb4adce","04/26/2021, 09:13 AM",38760,219458,258218,95731,390704,486435,4958,21843,26801,35472,5297235,3603901
"6087cfe5e5c95c0649fe6b9e","04/27/2021, 09:08 AM",37655,216448,254103,96927,394693,491620,4990,21994,26984,34785,5308624,3679730
"60892141ac6b5906497babf3","04/28/2021, 08:44 AM",36633,213510,250143,98160,398924,497084,5014,22158,27172,33429,5327413,3774221
"608a7294a98975061c5a3d33","04/29/2021, 08:52 AM",35708,210220,245928,99353,404344,503697,5032,22326,27358,31133,5349792,3870222
"608bc489f234b5064bda5e13","04/30/2021, 09:31 AM",34589,206840,241429,100760,409619,510379,5059,22481,27540,32838,5373540,3913550
"608bd64aa6dccc062f4ee713","04/30/2021, 09:31 AM",34589,206840,241429,100760,409619,510379,5059,22481,27540,32838,5373540,3913550
"608d15add3609e0629deb92d","05/01/2021, 09:13 AM",33393,203179,236572,102206,414820,517026,5071,22630,27701,31885,5394652,4023137
"608e66bf07be1006560eea63","05/02/2021, 09:08 AM",32370,199210,231580,103420,420090,523510,5079,22723,27802,28989,5415983,4064204
"608fb88c8c83b406404d77e1","05/03/2021, 09:03 AM",31701,196301,228002,104218,423983,528201,5097,22811,27908,27386,5429737,4073149
"609109d9be196d0627dd36f9","05/04/2021, 09:02 AM",30676,193126,223802,105299,427691,532990,5118,22927,28045,28080,5438145,4099495
"60925b1b61d99e062fc8a590","05/05/2021, 09:17 AM",29533,189296,218829,106580,432385,538965,5133,23040,28173,24796,5454661,4123697
"6093aca5e1e71c0654b2e927","05/06/2021, 08:43 AM",28203,184901,213104,108082,438164,546246,5145,23152,28297,24902,5475551,4153038
"6094feb4cdd56508631fc4c9","05/07/2021, 08:59 AM",26856,180093,206949,109599,444237,553836,5154,23249,28403,24690,5494198,4203873
"60964f9dddd785088d8868de","05/08/2021, 08:25 AM",25550,175391,200941,111092,450027,561119,5169,23335,28504,21301,5494198,4261822
"6097a108a9d09b0873b9d53e","05/09/2021, 09:25 AM",23801,170977,194778,112959,455370,568329,5178,23424,28602,21975,5528240,4288641
"6098f3510b51c008733b8db1","05/10/2021, 08:54 AM",22682,165401,188083,114127,461483,575610,5192,23501,28693,20967,5538792,4305775
"609a44ca8f8d9a0644081dae","05/11/2021, 09:14 AM",21287,158998,180285,115563,468239,583802,5204,23588,28792,20197,5545305,4346089
"609b964745c3eb074e27f317","05/12/2021, 09:18 AM",20054,152402,172456,116923,475517,592440,5211,23677,28888,18872,5560617,4391794
"609ce7e3123256062bcd3032","05/13/2021, 08:30 AM",18870,146899,165769,118276,482185,600461,5219,23751,28970,18886,5588435,4420767
"609cf55b73476c06450705dc","05/13/2021, 08:30 AM",18870,146899,165769,118276,482185,600461,5219,23751,28970,18886,5588435,4420767
"609ea2c9725cee0641597e04","05/14/2021, 09:24 AM",17673,140785,158458,119606,489285,608891,5224,23817,29041,18448,5607336,4500000
"609f8ae39a9c79062d19f020","05/15/2021, 09:06 AM",16375,133332,149707,121074,497534,618608,5241,23873,29114,18171,5622836,4554679
"60a1012797651207abec7227","05/16/2021, 09:10 AM",15381,128503,143884,122143,502945,625088,5250,23925,29175,17043,5638662,4600012
"60a22df9575e700652285e77","05/17/2021, 09:08 AM",14496,123888,138384,123066,507910,630976,5254,23959,29213,16297,5649027,4639299
"60a389c2c9a82a0a857a0225","05/18/2021, 09:00 AM",13055,115659,128714,124555,516409,640964,5262,24015,29277,16088,5656131,4714992
"60a4d10a573d80069e6fd49d","05/19/2021, 09:08 AM",11992,109754,121746,125704,522809,648513,5270,24059,29329,16027,5670793,4790996
"60a623901f94e406adf4401d","05/20/2021, 09:08 AM",11042,103987,115029,126754,529205,655959,5277,24103,29380,16210,5687117,4829595
"60a77407b72cf90622663ab0","05/21/2021, 09:01 AM",10327,99707,110034,127543,534021,661564,5280,24147,29427,16209,5697748,4898866
"60a8c5b169b21006a0a62cca","05/22/2021, 09:09 AM",9934,96711,106645,128011,537541,665552,5285,24190,29475,15585,5720398,4969321
"60aa16ce712985064000a6c7","05/23/2021, 09:03 AM",9680,94069,103749,128306,540514,668820,5290,24229,29519,14220,5734447,5005682
"60ab68d1e74bc30649eee28d","05/24/2021, 08:54 AM",9612,92969,102581,128412,541793,670205,5299,24261,29560,13211,5743991,5023145
"60acbbf19e5b27062eb410f3","05/25/2021, 08:30 AM",9542,91995,101537,128494,542898,671392,5301,24280,29581,12376,5750359,5026529
"60ae0edc3677680638384401","05/26/2021, 08:37 AM",9307,88712,98019,128745,546337,675082,5303,24319,29622,11878,5756599,5040222
"60af63b08184710668caa859","05/27/2021, 08:56 AM",8145,83019,91164,129956,552345,682301,5307,24347,29654,11432,5771058,5056262
"60b0deb726edc8063710e487","05/28/2021, 09:12 AM",7146,77573,84719,131000,558166,689166,5312,24370,29682,10790,5786609,5084642
"60b208a65b3426062fcf76fa","05/29/2021, 09:13 AM",6886,75189,82075,131318,560930,692248,5318,24391,29709,10302,5801554,5120109
"60b4ae7c0eb9eb0642e0a69f","05/31/2021, 08:55 AM",5376,69193,74569,132880,567356,700236,5321,24412,29733,9221,5824848,5146949
"60b504bd8c97c80748cd0134","05/31/2021, 08:55 AM",5376,69193,74569,132880,567356,700236,5321,24412,29733,9221,5824848,5146949
"60b602e746288d07f15ccbaf","06/01/2021, 08:45 AM",4950,66649,71599,133327,570025,703352,5322,24439,29761,8749,5837630,5176630
"60b60948d96bc90762ccce2c","06/01/2021, 08:45 AM",4950,66649,71599,133327,570025,703352,5322,24439,29761,8749,5837630,5176630
"60b666d138a04807e65c6108","06/01/2021, 08:45 AM",4950,66649,71599,133327,570025,703352,5322,24439,29761,8749,5837630,5176630
"60b75a64bebe570753467c60","06/02/2021, 08:51 AM",4854,64981,69835,133474,571904,705378,5325,24449,29774,8320,5862778,5206951
"60b7968d90f615073c5420ba","06/02/2021, 08:51 AM",4854,64981,69835,133474,571904,705378,5325,24449,29774,8320,5862778,5206951
"60b7b44003035e0865b12770","06/02/2021, 08:51 AM",4854,64981,69835,133474,571904,705378,5325,24449,29774,8320,5862778,5206951
"60b8a248cf42b1061a83d9e7","06/03/2021, 08:40 AM",4631,62681,67312,133740,574458,708198,5327,24465,29792,7759,5866214,5227318
"60b9f97605aa0b063d2a827b","06/03/2021, 09:20 AM",4392,60256,64648,134027,577078,711105,5328,24490,29818,7393,5884887,5238903
"60bb418c37f69006f18af4a6","06/05/2021, 08:39 AM",4023,57677,61700,134427,579902,714329,5332,24510,29842,7254,5897459,5254400
"60bc92a54ac8cc069df786cc","06/06/2021, 08:26 AM",3805,56186,59991,134671,581492,716163,5334,24520,29854,7093,5910248,5260418
"60bdec7b4d643506f2a625f8","06/07/2021, 08:50 AM",3767,55202,58969,134716,582538,717254,5336,24530,29866,7066,5916866,5261781
"60bf3084d9dc150630e4b818","06/08/2021, 09:04 AM",3660,54086,57746,134832,583745,718577,5336,24547,29883,6890,5922744,5278680
"60c08000c1545306e29308a6","06/09/2021, 08:36 AM",3464,52632,56096,135049,585351,720400,5339,24550,29889,6749,5936304,5296926
"60c1d2a5e6499a061bb3012e","06/10/2021, 09:00 AM",3233,51166,54399,135314,586982,722296,5339,24557,29896,6189,5948874,5311475
"60c32251ad1f51060e685e0c","06/11/2021, 09:00 AM",2985,49287,52272,135586,589028,724614,5339,24565,29904,6182,5962887,5324996
"60c4737b67f919060bd4a42c","06/11/2021, 09:00 AM",2985,49287,52272,135586,589028,724614,5339,24565,29904,6182,5962887,5324996
"60c5c501c1d22c06be24d145","06/11/2021, 09:00 AM",2985,49287,52272,135586,589028,724614,5339,24565,29904,6182,5962887,5324996
"60c717b0fa0a0c0608400c96","06/14/2021, 08:42 AM",2223,44309,46532,136384,594204,730588,5342,24583,29925,5567,5991170,5342379
"60c868dd95de6006089d74a6","06/15/2021, 08:58 AM",2144,43397,45541,136466,595160,731626,5344,24591,29935,5182,5996016,5351972
"60c9b99df80d5c075b3d7bc9","06/16/2021, 08:52 AM",2038,42326,44364,136597,596304,732901,5344,24600,29944,4665,6009124,5363124
"60cb0b2c78082605ffc8f6a8","06/17/2021, 08:51 AM",1982,41485,43467,136668,597239,733907,5344,24604,29948,4411,6020027,5375923
"60cc5ca52eb719060466210e","06/18/2021, 08:42 AM",1976,40875,42851,136693,597934,734627,5344,24606,29950,4044,6033519,5389058
"60cdadfcc5f3b206b95fa429","06/18/2021, 08:42 AM",1976,40875,42851,136693,597934,734627,5344,24606,29950,4044,6033519,5389058
"60ceff637132a10627cc5ab4","06/18/2021, 08:42 AM",1976,40875,42851,136693,597934,734627,5344,24606,29950,4044,6033519,5389058
"60d05252b87aac0617b76e6c","06/21/2021, 08:57 AM",1960,40137,42097,136748,598826,735574,5346,24613,29959,3969,6058488,5411431
"60d1a3a215562b0612ec6474","06/22/2021, 08:40 AM",1965,39819,41784,136751,599186,735937,5346,24617,29963,3866,6062806,5421230
"60d2f49358935e06182e5f19","06/23/2021, 09:20 AM",1952,39465,41417,136784,599603,736387,5347,24624,29971,3322,6073516,5431713
"60d4448d7fa8dd061bf0eab7","06/24/2021, 09:00 AM",1930,39088,41018,136816,600038,736854,5348,24624,29972,2973,6083248,5445544
"60d59660c5a5eb0694f15e53","06/25/2021, 09:02 AM",1933,38764,40697,136828,600405,737233,5349,24631,29980,2701,6094415,5454866
"60d6e7cc259f0f069d4247ce","06/25/2021, 09:02 AM",1933,38764,40697,136828,600405,737233,5349,24631,29980,2701,6094415,5454866
"60d8393b47744b069f12305c","06/25/2021, 09:02 AM",1933,38764,40697,136828,600405,737233,5349,24631,29980,2701,6094415,5454866
"60d98b011813f3063c8fe06a","06/28/2021, 10:00 AM",1883,37779,39662,136904,601487,738391,5350,24639,29989,2614,6116542,5468205
"60dadd8e75936d07505f4c7a","06/29/2021, 08:46 AM",1887,37656,39543,136910,601632,738542,5352,24639,29991,2376,6120838,5477405
"60dc2ef102c2440603da1a8b","06/30/2021, 09:20 AM",1867,37487,39354,136943,601839,738782,5352,24640,29992,2212,6130295,5486514
"60dd8078cc00ae062f6e710e","07/01/2021, 08:45 AM",1846,37118,38964,136971,602233,739204,5352,24640,29992,1998,6138529,5493609
"60ded0dc29841c06150e36e8","07/02/2021, 09:03 AM",1822,36822,38644,137002,602559,739561,5352,24640,29992,1851,6145920,5495888
"60e022294f525e073e999325","07/02/2021, 09:03 AM",1822,36822,38644,137002,602559,739561,5352,24640,29992,1851,6145920,5495888
"60e173981fe395062aaa94bc","07/02/2021, 09:03 AM",1822,36822,38644,137002,602559,739561,5352,24640,29992,1851,6145920,5495888
"60e2c5e1eb273f061f47e4d5","07/05/2021, 08:52 AM",1751,36320,38071,137101,603094,740195,5352,24644,29996,2332,6164167,5506665
"60e416cfdc3f5606945c64b2","07/06/2021, 08:58 AM",1751,36218,37969,137108,603219,740327,5352,24646,29998,1852,6168335,5513327
"60e568b1aebe4a0639d56d5f","07/07/2021, 09:04 AM",1752,36052,37804,137118,603417,740535,5353,24646,29999,1778,6173422,5519495
"60e6bb2f99959806444e3fc1","07/08/2021, 08:59 AM",1753,35846,37599,137127,603663,740790,5354,24650,30004,1678,6179187,5523878
"60e80b9fc0332d063ed4ca1f","07/09/2021, 09:27 AM",1752,35598,37350,137136,603947,741083,5354,24650,30004,1629,6192388,5529428
"60e95cb723d68f0786d86a92","07/09/2021, 09:27 AM",1752,35598,37350,137136,603947,741083,5354,24650,30004,1629,6192388,5529428
"60eaae182d148a065aae8554","07/09/2021, 09:27 AM",1752,35598,37350,137136,603947,741083,5354,24650,30004,1629,6192388,5529428
"60ebffd3d0485a0645cf1736","07/12/2021, 08:56 AM",1755,35268,37023,137155,604354,741509,5356,24651,30007,1649,6210862,5538557
"60ed526ba5f79c064abecab5","07/13/2021, 09:30 AM",1747,35136,36883,137166,604497,741663,5357,24653,30010,1659,6214858,5543891
"60eea2cbd4287a06a9d8b2cb","07/14/2021, 08:44 AM",1753,34950,36703,137173,604723,741896,5357,24656,30013,1582,6222052,5548451
"60eff5860de456060b9a3b13","07/15/2021, 08:22 AM",1751,34627,36378,137190,605080,742270,5357,24656,30013,1544,6229508,5552859
"60f14629f5bcdb06a0a01d21","07/16/2021, 08:56 AM",1761,34317,36078,137197,605435,742632,5357,24658,30015,1473,6238275,5559178
"60f297433c17fb0686a396c0","07/16/2021, 08:56 AM",1761,34317,36078,137197,605435,742632,5357,24658,30015,1473,6238275,5559178
"60f3e8a775636906574b9f78","07/16/2021, 08:56 AM",1761,34317,36078,137197,605435,742632,5357,24658,30015,1473,6238275,5559178
"60f53a97ae6718061708cd9f","07/19/2021, 08:42 AM",1758,33844,35602,137241,606004,743245,5357,24660,30017,1594,6257264,5569099
"60f68c669daef5061b1de795","07/20/2021, 08:48 AM",1763,33658,35421,137242,606207,743449,5357,24662,30019,1504,6261622,5573557
"60f7dd7d62b71f060d2554b6","07/21/2021, 08:48 AM",1768,33107,34875,137252,606799,744051,5357,24662,30019,1409,6268163,5578183
"60f92eea0bde750624583108","07/22/2021, 08:41 AM",1781,32501,34282,137257,607457,744714,5357,24663,30020,1384,6274804,5582815
"60fa80761b37580636fa6c0a","07/23/2021, 08:41 AM",1802,32002,33804,137264,608013,745277,5357,24663,30020,1376,6284811,5588272
"60fbd1b4782dfc06b81de2c0","07/23/2021, 08:41 AM",1802,32002,33804,137264,608013,745277,5357,24663,30020,1376,6284811,5588272
"60fd231b502ba90688f784df","07/23/2021, 08:41 AM",1802,32002,33804,137264,608013,745277,5357,24663,30020,1376,6284811,5588272
"60fe7500f241cd06327e4527","07/26/2021, 08:32 AM",1842,31552,33394,137292,608556,745848,5357,24663,30020,1517,6303940,5596543
"60ffc6a2ef1a16063b5ef7df","07/27/2021, 08:46 AM",1839,31209,33048,137303,608916,746219,5357,24664,30021,1471,6308291,5600959
"610117c8d45ae307b75cf624","07/28/2021, 08:48 AM",1856,30500,32356,137311,609670,746981,5357,24668,30025,1475,6316629,5605713
"61026961f7b4d60619f167ea","07/29/2021, 08:36 AM",1844,30046,31890,137338,610174,747512,5357,24668,30025,1412,6323793,5611260
"6103bae53bd2ef062b13ea2b","07/30/2021, 09:15 AM",1845,29463,31308,137355,610802,748157,5357,24669,30026,1335,6328373,5617270
"61050c42d36548073e774b8b","07/30/2021, 11:43 AM",1845,29463,31308,137355,610802,748157,5357,24669,30026,1335,6328373,5617270
"61065da9c1131f06469e1a8e","07/30/2021, 11:43 AM",1845,29463,31308,137355,610802,748157,5357,24669,30026,1335,6328373,5617270
"6107b06d243d6d062562f4d1","08/02/2021, 09:14 AM",1875,28559,30434,137387,611798,749185,5357,24670,30027,1365,6348148,5624451
"610901f41cc27a06f8ddb5a0","08/03/2021, 08:58 AM",1880,28302,30182,137391,612070,749461,5359,24670,30029,1349,6352215,5628383
"610a5279b4d5b00636bbdd16","08/04/2021, 09:11 AM",1891,28035,29926,137395,612378,749773,5360,24672,30032,1412,6360304,5632428
"610ba4f985c68e0657ccbc69","08/05/2021, 09:23 AM",1874,26942,28816,137447,613508,750955,5360,24672,30032,1364,6367442,5636894
"610cf67178a23c065811c7f8","08/06/2021, 09:06 AM",1820,25293,27113,137520,615189,752709,5360,24673,30033,1346,6375668,5641870
"610e46ad173e5c06a7dcf8f2","08/06/2021, 09:06 AM",1820,25293,27113,137520,615189,752709,5360,24673,30033,1346,6375668,5641870
"610f981486d146066d28ef20","08/06/2021, 09:06 AM",1820,25293,27113,137520,615189,752709,5360,24673,30033,1346,6375668,5641870
"6110eaee44bbe70669bc4494","08/09/2021, 09:25 AM",1842,20885,22727,137560,619687,757247,5361,24676,30037,1252,6395030,5649125
"61123d41c00e180654bb44af","08/10/2021, 09:15 AM",1849,19127,20976,137562,621471,759033,5361,24676,30037,1137,6399106,5654096
"61138d66abc4ef06b1ac2fba","08/11/2021, 08:50 AM",1787,17037,18824,137644,623621,761265,5361,24676,30037,1233,6407283,5658623
"6114df32c5a099062f4d8a8a","08/12/2021, 09:18 AM",1729,14645,16374,137726,626075,763801,5361,24676,30037,1168,6415557,5663658
"611630f5ac17740651fe7a5d","08/13/2021, 09:25 AM",1747,12579,14326,137748,628204,765952,5361,24677,30038,1085,6423992,5668993
"6117812e7b1127072d5b1795","08/13/2021, 09:25 AM",1747,12579,14326,137748,628204,765952,5361,24677,30038,1085,6423992,5668993
"6118d2941ea94706b86a0eae","08/13/2021, 09:25 AM",1747,12579,14326,137748,628204,765952,5361,24677,30038,1085,6423992,5668993
"611a253aeb9ce4065a02afb9","08/16/2021, 09:25 AM",1759,10396,12155,137816,630492,768308,5363,24678,30041,835,6445084,5677606
"611b76df7f4c650657f00e8c","08/17/2021, 09:23 AM",1761,10227,11988,137829,630690,768519,5364,24678,30042,731,6449264,5681559
"611cc86d7371db065a8aab1e","08/18/2021, 08:59 AM",1786,9936,11722,137833,631058,768891,5365,24680,30045,864,6457558,5687634
"611e18d1a4d4ce0616838f92","08/19/2021, 09:09 AM",1810,9148,10958,137854,631923,769777,5365,24681,30046,879,6467683,5693214
"611f6a538af400063b1adf02","08/19/2021, 09:09 AM",1810,9148,10958,137854,631923,769777,5365,24681,30046,879,6467683,5693214
"6120bbbdffe064070fca3733","08/19/2021, 09:09 AM",1810,9148,10958,137854,631923,769777,5365,24681,30046,879,6467683,5693214
"61220d1e5ab92a065009b9dc","08/19/2021, 09:09 AM",1810,9148,10958,137854,631923,769777,5365,24681,30046,879,6467683,5693214
"61235ff29f666506880e9747","08/23/2021, 09:02 AM",1796,7743,9539,137984,633546,771530,5367,24685,30052,865,6492441,5699251
"6124b176f2918006510b74b9","08/24/2021, 08:58 AM",1629,7279,8908,138185,634056,772241,5368,24686,30054,942,6504169,5703883
"612602f51439e70747d4b2f9","08/25/2021, 09:13 AM",1448,6265,7713,138416,635153,773569,5369,24686,30055,1101,6513515,5709197
"6127547a8ce13e076c87b159","08/26/2021, 08:43 AM",1277,5584,6861,138644,635956,774600,5370,24686,30056,1217,6531925,5715525
"6128a58cddd7330742884e9a","08/26/2021, 09:20 AM",1304,5059,6363,138701,636585,775286,5371,24686,30057,1137,6542042,5725336
"6129f63a80b7f607cd428d48","08/26/2021, 09:20 AM",1304,5059,6363,138701,636585,775286,5371,24686,30057,1137,6542042,5725336
"612b478a09a24707ae3ce0e2","08/26/2021, 09:20 AM",1304,5059,6363,138701,636585,775286,5371,24686,30057,1137,6542042,5725336
"612c99546935dc07dab7d32e","08/30/2021, 09:06 AM",1168,3768,4936,139034,638200,777234,5371,24686,30057,1270,6568905,5740136
"612debf67a33e3063d81e71a","08/31/2021, 09:18 AM",1205,3629,4834,139042,638403,777445,5371,24687,30058,1344,6574523,5754566
"612f3d6f0fe247069cea870d","09/01/2021, 09:07 AM",1237,3589,4826,139068,638578,777646,5371,24688,30059,1437,6584218,5772010
"61308e75d61c1c0648539c28","09/02/2021, 09:13 AM",1237,3589,4826,139068,638578,777646,5371,24688,30059,1437,6584218,5772010
"6131e019c8cb54064f28d9ec","09/03/2021, 09:02 AM",1271,3720,4991,139194,638794,777988,5371,24690,30061,1874,6606051,5799584
"61333112e397d906ec0ed655","09/03/2021, 09:02 AM",1271,3720,4991,139194,638794,777988,5371,24690,30061,1874,6606051,5799584
"61348234c1e9bf06d282c28a","09/03/2021, 09:02 AM",1271,3720,4991,139194,638794,777988,5371,24690,30061,1874,6606051,5799584
"6135d4f073b9d9065d7077b8","09/06/2021, 08:52 AM",1433,3949,5382,139233,639003,778236,5377,24693,30070,1799,6634089,5817481
"61372672acc8d006592594c0","09/07/2021, 08:43 AM",1458,4028,5486,139242,639016,778258,5380,24694,30074,1955,6640890,5821254
"613876e01c8de706bdc6532a","09/08/2021, 08:54 AM",1449,4137,5586,139325,639076,778401,5382,24695,30077,2212,6651684,5825831
"6139c875cc71ae0695087c69","09/09/2021, 08:56 AM",1504,4294,5798,139363,639168,778531,5383,24697,30080,2563,6664898,5830217
"613b1ab25f9272064c00fa08","09/10/2021, 08:56 AM",1560,4446,6006,139402,639238,778640,5386,24700,30086,2868,6679227,5834961
"613c6b363daf440695c67d89","09/10/2021, 08:56 AM",1560,4446,6006,139402,639238,778640,5386,24700,30086,2868,6679227,5834961
"613dbc9bb5d58b064ec7fca8","09/10/2021, 08:56 AM",1560,4446,6006,139402,639238,778640,5386,24700,30086,2868,6679227,5834961
"613f0e706324500624cf4253","09/13/2021, 09:05 AM",1704,4798,6502,139513,639492,779005,5393,24705,30098,2630,6715858,5840588
"61405fd5958006063c84a8e6","09/14/2021, 08:52 AM",1753,4882,6635,139544,639570,779114,5393,24709,30102,2842,6724821,5843502
"6141b15321aeb7063a79bf23","Invalid Date",1814,5044,6858,139578,639672,779250,5396,24718,30114,3286,6737713,5847002
"614302e1adf17c0648d5fe52","Invalid Date",1870,5259,7129,139626,639807,779433,5397,24721,30118,3931,6753395,5850887
"614454658f3492090890fe6d","Invalid Date",1886,5373,7259,139752,640025,779777,5398,24725,30123,4605,6768975,5855039
"6145a5b6a0784a095f205a5e","Invalid Date",1886,5373,7259,139752,640025,779777,5398,24725,30123,4605,6768975,5855039
"6146f7112a23ca0907af9e64","Invalid Date",1886,5373,7259,139752,640025,779777,5398,24725,30123,4605,6768975,5855039
"614848ea62fdf908ff2832c9","Invalid Date",1876,5754,7630,140021,640444,780465,5400,24736,30136,4031,6805886,5859814
"61499a7a15aafa0642a9a7db","Invalid Date",1861,5778,7639,140122,640618,780740,5404,24737,30141,4302,6815778,5862458
"614aebe36aeaed063e03a215","Invalid Date",1866,5874,7740,140272,640866,781138,5405,24738,30143,4825,6829896,5865865
"614c3d84f9411a0740bc338a","Invalid Date",1940,6020,7960,140323,641119,781442,5407,24738,30145,5495,6844088,5869259
"614d8ee76cb74706bf73f807","Invalid Date",1924,6209,8133,140448,641346,781794,5407,24744,30151,5839,6858523,5873523
"614ee03d76283d06addf5677","Invalid Date",1924,6209,8133,140448,641346,781794,5407,24744,30151,5839,6858523,5873523
"615031ad83628b0654b3ace6","Invalid Date",1924,6209,8133,140448,641346,781794,5407,24744,30151,5839,6858523,5873523
"61518375955b22063d798ddf","Invalid Date",1978,5945,7923,140664,642503,783167,5416,24755,30171,4125,6893915,5879178
"6152d4e62b430a06455fc4c3","Invalid Date",1922,5610,7532,140788,643027,783815,5419,24760,30179,4520,6901433,5881493
"6154266ee6411e06ba254b2a","Invalid Date",1945,5403,7348,140882,643657,784539,5422,24763,30185,5048,6914466,5884183
"61547f55273f99065401b2a3","Invalid Date",1945,5403,7348,140882,643657,784539,5422,24763,30185,5048,6914466,5884183
"615577dd6300e20656a7cb5d","Invalid Date",1943,5482,7425,141006,644084,785090,5422,24768,30190,5395,6932779,5887540
"6156c97019120106426f96df","Invalid Date",1964,5575,7539,141132,644514,785646,5425,24774,30199,6476,6947933,5891228
"61581acec6687b072c60f326","Invalid Date",1964,5575,7539,141132,644514,785646,5425,24774,30199,6476,6947933,5891228
"61596c228567330a1c79cd06","Invalid Date",1964,5575,7539,141132,644514,785646,5425,24774,30199,6476,6947933,5891228
"615abdfc3bc48506d2e66d2f","Invalid Date",2008,5901,7909,141372,645365,786737,5433,24797,30230,5458,6980188,5895282
"615c0f9a604ace064c14020a","Invalid Date",2043,5998,8041,141401,645482,786883,5436,24810,30246,5715,6988310,5897432
"615d60ed0ab75f064455376d","Invalid Date",2085,6231,8316,141482,645748,787230,5437,24816,30253,6097,7000417,5900019
"615eb28be46b210640c1e7bd","Invalid Date",2098,6624,8722,141619,646036,787655,5437,24822,30259,7083,7016611,5902806
"61600400d8b97c0654eea564","Invalid Date",2159,6962,9121,141693,646321,788014,5442,24833,30275,8006,7032329,5905837
"616155490b811b072fc9926c","Invalid Date",2159,6962,9121,141693,646321,788014,5442,24833,30275,8006,7032329,5905837
"6162a6b9dd63b707410ad9c5","Invalid Date",2159,6962,9121,141693,646321,788014,5442,24833,30275,8006,7032329,5905837
"6163f89636fdaf06e21e7913","Invalid Date",2388,7755,10143,141874,647136,789010,5445,24858,30303,5339,7071702,5909819
"61654a0b5007a406c3b83c35","Invalid Date",2424,7845,10269,141931,647391,789322,5446,24874,30320,6692,7079804,5911737
"61669b82a0c66407db7d5782","Invalid Date",2413,8277,10690,141882,647823,789705,5447,24883,30330,8112,7093879,5913862
"6167ecfb8eccc2064e1db45a","Invalid Date",2673,8725,11398,142038,648089,790127,5447,24894,30341,9604,7110156,5916769
"61693e8f1fdcf7065d60f31d","Invalid Date",2767,9351,12118,142143,648503,790646,5448,24903,30351,10990,7127710,5919930
"616a8fe12fc3a90673a7961a","Invalid Date",2767,9351,12118,142143,648503,790646,5448,24903,30351,10990,7127710,5919930
"616be14643481606d9a7fa20","Invalid Date",2767,9351,12118,142143,648503,790646,5448,24903,30351,10990,7127710,5919930
"616d3318e275260678335bd2","Invalid Date",3158,10831,13989,142383,649615,791998,5460,24942,30402,9262,7172353,5924063
"616e85b5ce6ab506bcad8e65","Invalid Date",3269,11319,14588,142440,649802,792242,5462,24956,30418,9982,7182085,5926446
"616fd60a8b4f1f066a308afc","Invalid Date",3437,12274,15711,142558,650199,792757,5463,24985,30448,12638,7197609,5929164
"6171279f7a0541081e38d6df","Invalid Date",3729,13792,17521,142641,650647,793288,5466,25002,30468,15854,7217103,5932239
"617279199ec8e707b8295c12","Invalid Date",4039,15452,19491,142724,651118,793842,5469,25023,30492,17984,7236933,5935182
"6173ca76a02eb307ca49a73b","Invalid Date",4039,15452,19491,142724,651118,793842,5469,25023,30492,17984,7236933,5935182
"61751be2a20a0808752eb678","Invalid Date",4039,15452,19491,142724,651118,793842,5469,25023,30492,17984,7236933,5935182
"61766da6de927b07c28162d4","Invalid Date",4901,19483,24384,142999,652563,795562,5475,25092,30567,16603,7290223,5938665
"6177bf37150bab07c03fea3b","Invalid Date",5181,20594,25775,143054,652774,795828,5479,25132,30611,16742,7301452,5941073
"617910a3e1557c07be036adc","Invalid Date",5594,22663,28257,143155,653280,796435,5484,25163,30647,19379,7320374,5943832
"617a622a5f88aa064211910c","Invalid Date",6069,25475,31544,143250,653892,797142,5490,25202,30692,22710,7348118,5947085
"617bb3aba06e20067dd667ca","Invalid Date",6496,28284,34780,143370,654540,797910,5493,25236,30729,24231,7371187,5950259
"617d05116a1c750648c35900","Invalid Date",6496,28284,34780,143370,654540,797910,5493,25236,30729,24231,7371187,5950259
"617e566fc319ac064d0727ba","Invalid Date",6496,28284,34780,143370,654540,797910,5493,25236,30729,24231,7371187,5950259
"617fa87602857a06ecfe008d","Invalid Date",7812,35730,43542,143742,656465,800207,5521,25360,30881,20156,7452355,5955207
"6180f9b96f2def0889b9b0f9","Invalid Date",8030,36751,44781,143905,656891,800796,5526,25394,30920,17549,7464487,5955250
"61824b2e2e32ef0646225df8","Invalid Date",8300,38108,46408,144019,657671,801690,5539,25455,30994,19192,7477324,5958890
"61839ca3f334e906dad6f639","Invalid Date",9044,42064,51108,144215,658936,803151,5549,25552,31101,22587,7498823,5962878
"6184ee2e4a275a065a11a99e","Invalid Date",9781,46479,56260,144385,660335,804720,5559,25625,31184,25516,7531508,5967747
"61863f9236115a095519dd40","Invalid Date",9781,46479,56260,144385,660335,804720,5559,25625,31184,25516,7531508,5967747
"618790e96791400948fe1bb9","Invalid Date",9781,46479,56260,144385,660335,804720,5559,25625,31184,25516,7531508,5967747
"6188e3ee78ccaf091e733377","Invalid Date",11199,57387,68586,145149,664865,810014,5586,25812,31398,25467,7628027,5974514
"618a3568174a060a419be36a","Invalid Date",11569,60230,71799,145465,665801,811266,5601,25920,31521,27751,7647898,5977908
"618b85c6786b9d064d3d7151","Invalid Date",12458,65567,78025,145884,667492,813376,5611,26008,31619,32950,7677571,5981915
"618cd741557afb071f9e701f","Invalid Date",13297,70521,83818,146275,669570,815845,5627,26124,31751,39655,7715195,5986727
"618e28c56706fb071dd10d2f","Invalid Date",14128,75453,89581,146617,671719,818336,5640,26227,31867,47575,7752519,5992142
"618f7a1667c4c8071a0bb6f5","Invalid Date",14128,75453,89581,146617,671719,818336,5640,26227,31867,47575,7752519,5992142
"6190cb80e309a30728bf1e0c","Invalid Date",14128,75453,89581,146617,671719,818336,5640,26227,31867,47575,7752519,5992142
"61921d5f8f4e4a071f2d8b91","Invalid Date",14128,75453,89581,146617,671719,818336,5640,26227,31867,47575,7752519,5992142
"61936ec9b8ff9506395ee2f5","11/16/2021, 09:00 AM",16727,89867,106594,147884,679353,827237,5696,26640,32336,41353,7876457,6003414
"6194c03d2ba095063181b7fb","11/17/2021, 08:57 AM",18087,97296,115383,148111,680424,828535,5725,26789,32514,46530,7909782,6008226
"619612fa68544b062930822d","11/18/2021, 08:56 AM",19037,102101,121138,148756,684660,833416,5748,26897,32645,54312,7954654,6013007
"61976346bafe7907132a3b08","11/19/2021, 08:59 AM",20089,108035,128124,149325,688259,837584,5767,27013,32780,59177,8006581,6017807
"6198c1511eac0606a26511b2","11/19/2021, 08:59 AM",20089,108035,128124,149325,688259,837584,5767,27013,32780,59177,8006581,6017807
"619a12c4f2216406f1cd1821","11/19/2021, 08:59 AM",20089,108035,128124,149325,688259,837584,5767,27013,32780,59177,8006581,6017807
"619b64dd600889069b913cd7","11/22/2021, 08:53 AM",23072,121461,144533,150316,697676,847992,5814,27358,33172,50429,8134310,6024568
"619cb611132c1006a8902fb4","11/23/2021, 08:53 AM",23627,123931,147558,150745,700569,851314,5839,27504,33343,49737,8157875,6043116
"619e089136441806356d7eec","11/24/2021, 08:53 AM",24923,130080,155003,151412,704918,856330,5860,27659,33519,54978,8196724,6057367
"619f5a11c76bf90617d7480d","11/25/2021, 08:52 AM",26466,139396,165862,151625,705826,857451,5883,27821,33704,64002,8249524,6072192
"61a0aa7d9578350622bdc6d4","11/26/2021, 08:54 AM",27350,145138,172488,152335,710199,862534,5907,27959,33866,66834,8298820,6087474
"61a1fbd5e53e0706279203e3","11/26/2021, 08:54 AM",27350,145138,172488,152335,710199,862534,5907,27959,33866,66834,8298820,6087474
"61a34d59a7b3db0633b25c36","11/28/2021, 08:50 AM",27350,145138,172488,152335,710199,862534,5907,27959,33866,66834,8298820,6115235
"61a49f27bf6a2a0629778bdc","11/29/2021, 08:54 AM",29241,155900,185141,154027,723224,877251,5976,28350,34326,52452,8423435,6120959
"61a5ef8f0c8ee50637ad9408","11/30/2021, 08:54 AM",29403,156525,185928,154674,727985,882659,5997,28524,34521,49607,8443744,6126420
"61a74353f86341063faa10f3","12/01/2021, 08:57 AM",29716,158140,187856,155855,735836,891691,6023,28690,34713,53551,8474664,6132549
"61a893b048cdf3062f1d6630","12/02/2021, 08:46 AM",29980,157815,187795,157116,744884,902000,6057,28874,34931,59593,8516699,6138885
"61a9e518bf55e10638f5c942","12/03/2021, 08:57 AM",29977,159025,189002,158358,752387,910745,6084,29038,35122,60555,8559975,6145984
"61ab36a221bb7f06357ced7e","12/03/2021, 08:57 AM",29977,159025,189002,158358,752387,910745,6084,29038,35122,60555,8559975,6145984
"61ac87f11f287906443e459f","12/03/2021, 08:57 AM",29977,159025,189002,158358,752387,910745,6084,29038,35122,60555,8559975,6145984
"61add9f706326106354e10c3","12/06/2021, 09:08 AM",30579,159174,189753,160780,771424,932204,6145,29466,35611,48217,8666739,6159926
"61af2b998b22c60636814a56","12/07/2021, 08:55 AM",30294,156914,187208,161488,777348,938836,6192,29643,35835,45198,8679620,6162758
"61b07cb6a3c26c063d8f8d11","12/08/2021, 08:54 AM",29889,154406,184295,162848,785537,948385,6231,29817,36048,47718,8701776,6166840
"61b1ce3ebe912706af51ea6a","12/09/2021, 08:47 AM",29754,154773,184527,163869,791379,955248,6267,29996,36263,53187,8734938,6171489
"61b31f9d15176508463c0faf","12/10/2021, 08:47 AM",28902,148694,177596,165445,803452,968897,6293,30136,36429,55544,8768881,6176567
"61b470f8e36f9306ab3a0f72","12/10/2021, 08:47 AM",28902,148694,177596,165445,803452,968897,6293,30136,36429,55544,8768881,6176567
"61b5c2618a2ea407edf25dbf","12/10/2021, 08:47 AM",28902,148694,177596,165445,803452,968897,6293,30136,36429,55544,8768881,6176567
"61b71436219a600648a7003a","12/13/2021, 08:51 AM",28215,142201,170416,168200,823439,991639,6349,30535,36884,43047,8853922,6190822
"61b8659ff90d6a067c1f95f9","12/14/2021, 08:55 AM",28094,140824,168918,168785,827732,996517,6383,30696,37079,40518,8868961,6192253
"61b9b71fe76384064fc0dd35","12/15/2021, 09:02 AM",27475,137727,165202,170171,835415,1005586,6396,30836,37232,42569,8890023,6194221
"61bb08a40017bb064621ce8d","12/16/2021, 09:03 AM",26541,133312,159853,171807,844282,1016089,6410,30966,37376,45659,8919775,6200040
"61bc5a2ca246e4064f1749e3","12/17/2021, 08:57 AM",25941,128570,154511,172966,853288,1026254,6425,31105,37530,45852,8947845,6208430
"61bdab7193d0d80649807c29","12/17/2021, 08:57 AM",25941,128570,154511,172966,853288,1026254,6425,31105,37530,45852,8947845,6208430
"61befd04cf98d506585a9aa3","12/17/2021, 08:57 AM",25941,128570,154511,172966,853288,1026254,6425,31105,37530,45852,8947845,6208430
"61c04ed3263ab00655ea5685","12/20/2021, 08:49 AM",24781,117090,141871,175570,873063,1048633,6462,31434,37896,33383,9014430,6226399
"61c1a07c9642220647869b79","12/21/2021, 08:53 AM",24456,113613,138069,176124,878164,1054288,6477,31551,38028,31543,9021858,6232575
"61c2f1b1f20afa063645ffad","12/22/2021, 08:50 AM",24067,111150,135217,177008,883352,1060360,6493,31674,38167,31081,9037023,6239410
"61c4434cb985e0065458bcbc","12/23/2021, 08:50 AM",23207,104044,127251,178499,893273,1071772,6507,31800,38307,32319,9058668,6245773
"61c594b6a7d6ea07858dc5f8","12/23/2021, 08:50 AM",23207,104044,127251,178499,893273,1071772,6507,31800,38307,32319,9058668,6245773
"61c6e5fbfdad90065b08d2e6","12/23/2021, 08:50 AM",23207,104044,127251,178499,893273,1071772,6507,31800,38307,32319,9058668,6245773
"61c83781a47293067049fee5","12/23/2021, 08:50 AM",23207,104044,127251,178499,893273,1071772,6507,31800,38307,32319,9058668,6245773
"61c9917543f0e2062dc1e77c","12/27/2021, 08:55 AM",22633,96000,118633,180612,907331,1087943,6574,32169,38743,17751,9114949,6245773
"61cadab0cf56860658baaec7","12/28/2021, 09:01 AM",22465,94313,116778,180980,910037,1091017,6587,32307,38894,15775,9119505,6252653
"61cc2c35c54e5206b35c2dca","12/29/2021, 08:43 AM",22420,90637,113057,181835,915793,1097628,6604,32405,39009,15599,9135056,6257771
"61cd7da5d7a272079f154701","12/30/2021, 08:37 AM",22166,85254,107420,182868,923663,1106531,6615,32489,39104,16380,9152694,6262698
"61cecf2d76be9a0683d8f9dc","12/31/2021, 08:53 AM",22223,83330,105553,183651,928025,1111676,6634,32552,39186,16422,9169355,6266064
"61d02099a0d1eb066b66e4c2","12/31/2021, 08:53 AM",22223,83330,105553,183651,928025,1111676,6634,32552,39186,16422,9169355,6266064
"61d171f64d0435066e26bf4b","12/31/2021, 08:53 AM",22223,83330,105553,183651,928025,1111676,6634,32552,39186,16422,9169355,6266064
"61d2c3d9ff912d07124f7e18","01/03/2022, 08:49 AM",22417,78606,101023,184996,936827,1121823,6676,32758,39434,12946,9203581,6266483
"61d415476f9a8e066309e0db","01/04/2022, 08:50 AM",22663,77584,100247,185446,939499,1124945,6689,32828,39517,13266,9211426,6268108
"61d566d684c0f50664ccdb7c","01/05/2022, 08:41 AM",23651,77806,101457,186011,942912,1128923,6693,32906,39599,14894,9229190,6269955
"61d6b85d51c5e20660b67a02","01/06/2022, 08:33 AM",24912,78497,103409,186626,946719,1133345,6704,32975,39679,17424,9256170,6272718
"61d80a083b414a066827c5e1","01/07/2022, 08:56 AM",26272,79257,105529,187190,950458,1137648,6717,33063,39780,20298,9285125,6278355
"61d95b248c6e96066393ee52","01/07/2022, 08:56 AM",26272,79257,105529,187190,950458,1137648,6717,33063,39780,20298,9285125,6278355
"61daaca788f3c1066a2428cb","01/07/2022, 08:56 AM",26272,79257,105529,187190,950458,1137648,6717,33063,39780,20298,9285125,6278355
"61dbfe81f9d2200665dff7c6","01/10/2022, 09:00 AM",29217,82678,111895,188498,957272,1145770,6742,33205,39947,21527,9358739,6292759
"61dd502de334ac06334464de","01/11/2022, 09:04 AM",29841,83319,113160,188910,958908,1147818,6750,33266,40016,25978,9367973,6294707
"61dea1880d10ab066a498607","01/12/2022, 08:52 AM",31692,87253,118945,189439,960410,1149849,6761,33322,40083,33421,9386272,6297101
"61dff2e5947b02065204ab10","01/13/2022, 09:00 AM",33295,89129,122424,190658,964847,1155505,6767,33397,40164,40560,9417820,6299590
"61e1446a6375130659282c17","01/14/2022, 08:57 AM",34941,93327,128268,191315,967194,1158509,6773,33464,40237,44692,9448157,6304323
"61e295a988577206681607a6","01/14/2022, 08:57 AM",34941,93327,128268,191315,967194,1158509,6773,33464,40237,44692,9448157,6304323
"61e3e72bf46c83067ac77aca","01/14/2022, 08:57 AM",34941,93327,128268,191315,967194,1158509,6773,33464,40237,44692,9448157,6304323
"61e5390dade8a9061e12c395","01/17/2022, 08:57 AM",37520,100431,137951,194215,975560,1169775,6800,33707,40507,39669,9530346,6319434
"61e68a7397165d067a2efd85","01/18/2022, 08:56 AM",37733,99895,137628,195730,981125,1176855,6821,33780,40601,37207,9546334,6321039
"61e7db0593aba006713a103b","01/19/2022, 08:56 AM",40076,107497,147573,196920,984795,1181715,6834,33852,40686,38652,9572149,6322905
"61e92c9810eb9406807d832e","01/20/2022, 08:49 AM",42192,116232,158424,198322,987997,1186319,6846,33911,40757,34810,9612654,6325143
"61ea7df68a7c860678bc40d2","01/21/2022, 08:57 AM",44021,123404,167425,199892,993318,1193210,6862,33960,40822,42534,9661929,6329185
"61ebcf3796c2dc0689bc3cf8","01/21/2022, 08:57 AM",44021,123404,167425,199892,993318,1193210,6862,33960,40822,42534,9661929,6329185
"61ed20b39067ff068f9e6451","01/21/2022, 08:57 AM",44021,123404,167425,199892,993318,1193210,6862,33960,40822,42534,9661929,6329185
"61ee725de8383d0643644af8","01/24/2022, 08:55 AM",48695,142617,191312,203621,1005508,1209129,6873,34071,40944,25782,9794753,6342496
"61efc3f9d8931706459a74ba","01/25/2022, 08:48 AM",48498,145132,193630,205586,1010868,1216454,6888,34130,41018,24128,9812780,6344089
"61f116b2be6ad0064e2b9dbb","01/26/2022, 08:52 AM",49888,155488,205376,207839,1016974,1224813,6903,34184,41087,24297,9839158,6345766
"61f267e2cf51a7063e88502b","01/27/2022, 08:56 AM",50867,164972,215839,210047,1023452,1233499,6918,34233,41151,26734,9887968,6347426
"61f3b8a7be535e0660abba40","01/28/2022, 08:59 AM",51868,173933,225801,211866,1029462,1241328,6936,34293,41229,29596,9936724,6351476
"61f509b408552706a4474c60","01/28/2022, 08:59 AM",51868,173933,225801,211866,1029462,1241328,6936,34293,41229,29596,9936724,6351476
"61f65b2b16eaeb068745ce67","01/28/2022, 08:59 AM",51868,173933,225801,211866,1029462,1241328,6936,34293,41229,29596,9936724,6351476
"61f7ad1a755ebb0670e5ca88","01/31/2022, 08:58 AM",52078,179523,231601,218876,1061523,1280399,6972,34433,41405,24157,10071349,6363112
"61f8fe73ad3349068531baf0","02/01/2022, 09:00 AM",51853,178004,229857,220590,1070909,1291499,6990,34481,41471,23308,10089540,6364167
"61fa4fc61821b3066e53d2bb","02/02/2022, 09:01 AM",51527,179022,230549,223663,1086757,1310420,7004,34544,41548,21859,10116075,6365250
"61fba17ba4d28f06433ecf27","02/03/2022, 09:01 AM",50756,177143,227899,227075,1103801,1330876,7026,34610,41636,23192,10161911,6366402
"61fcf26f1d32f40697c51bb2","02/04/2022, 08:44 AM",50570,176837,227407,229541,1118157,1347698,7045,34696,41741,25718,10207444,6369089
"61fe43e500659b06b847d887","02/04/2022, 08:44 AM",50570,176837,227407,229541,1118157,1347698,7045,34696,41741,25718,10207444,6369089
"61ff95cb481551065ac1c821","02/04/2022, 08:44 AM",50570,176837,227407,229541,1118157,1347698,7045,34696,41741,25718,10207444,6369089
"6200e78716cb23064a3b0b1f","02/07/2022, 08:57 AM",51007,180483,231490,233890,1143207,1377097,7081,34894,41975,22859,10320134,6374293
"62023906bb218306730fd09d","02/08/2022, 08:45 AM",51013,180363,231376,234937,1149233,1384170,7105,34964,42069,23288,10332848,6375020
"62038bb095524706564c5c1b","02/09/2022, 08:43 AM",50485,178755,229240,237342,1162795,1400137,7112,35058,42170,22242,10354374,6375808
"6204dcfaf1f15206328b5b38","02/10/2022, 08:59 AM",50431,181182,231613,239179,1171371,1410550,7124,35145,42269,23046,10391977,6376902
"62062d69236644064465416e","02/11/2022, 08:53 AM",49660,180050,229710,241513,1182408,1423921,7137,35223,42360,24341,10429713,6379065
"62077ed41a3589064229cf1b","02/11/2022, 08:53 AM",49660,180050,229710,241513,1182408,1423921,7137,35223,42360,24341,10429713,6379065
"6208d045112ccf06f92f2749","02/11/2022, 08:53 AM",49660,180050,229710,241513,1182408,1423921,7137,35223,42360,24341,10429713,6379065
"620a21d5eaa010065359629f","02/14/2022, 09:00 AM",48064,175746,223810,246167,1204464,1450631,7172,35459,42631,20046,10513080,6383007
"620b735b94f54b0652293bc3","02/15/2022, 08:56 AM",46283,164002,210285,248475,1219969,1468444,7190,35564,42754,18572,10520765,6383559
"620cc4c750fb140649ab6a84","02/16/2022, 08:57 AM",46046,162989,209035,249980,1228500,1478480,7204,35647,42851,18079,10538698,6384088
"620e166e817bcf0609a64575","02/17/2022, 08:55 AM",45188,157550,202738,252136,1241104,1493240,7223,35743,42966,18627,10570027,6384828
"620f67de62a6060632cf44dd","02/18/2022, 08:57 AM",44498,154805,199303,253826,1250229,1504055,7238,35828,43066,19612,10597050,6386416
"6210b963e2c46d06469ad13f","02/18/2022, 08:57 AM",44498,154805,199303,253826,1250229,1504055,7238,35828,43066,19612,10597050,6386416
"62120ab5a50edf063d4fe5ab","02/18/2022, 08:57 AM",44498,154805,199303,253826,1250229,1504055,7238,35828,43066,19612,10597050,6386416
"62135d416520b5062eb3a05f","02/21/2022, 09:01 AM",43291,146269,189560,257113,1269713,1526826,7284,36015,43299,16290,10662822,6389336
"6214ae19cc95d8063cc94f2b","02/22/2022, 08:55 AM",42536,141456,183992,258285,1277171,1535456,7304,36126,43430,15314,10669050,6389711
"6215fee4aceec10667ae54d1","02/23/2022, 08:54 AM",41774,136956,178730,259917,1286955,1546872,7314,36248,43562,14632,10686340,6390100
"621751045708ad0648156db4","02/24/2022, 09:02 AM",41241,132557,173798,261249,1295965,1557214,7328,36336,43664,14566,10711279,6390568
"6218a28677f2110634323233","02/25/2022, 08:58 AM",40242,128671,168913,262860,1303649,1566509,7345,36407,43752,14999,10733913,6391940
"6219f3a3080451062c669b9f","02/25/2022, 08:58 AM",40242,128671,168913,262860,1303649,1566509,7345,36407,43752,14999,10733913,6391940
"621b453e92235c06597f1b82","02/25/2022, 08:58 AM",40242,128671,168913,262860,1303649,1566509,7345,36407,43752,14999,10733913,6391940
"621c972d8fe4ed062eb6560a","02/28/2022, 09:05 AM",37634,117118,154752,266833,1322010,1588843,7367,36582,43949,11624,10784987,6394379
"621de88b83bde40667201618","03/01/2022, 08:58 AM",36641,113881,150522,268079,1326929,1595008,7383,36668,44051,10799,10789819,6394782
"621f3a01c13938065804ae4c","03/02/2022, 08:59 AM",34965,107937,142902,270328,1335756,1606084,7391,36743,44134,9800,10800452,6395085
"62208c6704c7620643f7b21b","03/03/2022, 08:56 AM",34698,107758,142456,271275,1339040,1610315,7400,36811,44211,9646,10818978,6395509
"6221dd86cf56ab063f448ffa","03/04/2022, 08:58 AM",34093,103093,137186,272338,1346236,1618574,7411,36875,44286,9718,10836962,6396404
"62232e4444bfe506ab1e07c2","03/04/2022, 08:58 AM",34093,103093,137186,272338,1346236,1618574,7411,36875,44286,9718,10836962,6396404
"62247fb4bcd01f0651541c8e","03/04/2022, 08:58 AM",34093,103093,137186,272338,1346236,1618574,7411,36875,44286,9718,10836962,6396404